"","V1","V2","V3","V4","V5","V6","V7","V8","V9","V10","V11","V12","V13","V14","V15","V16","V17","V18","V19","V20","V21","V22","V23","V24","V25","V26","V27","V28","V29","V30","V31","V32","V33","V34","V35","V36","V37","V38","V39","V40","V41","V42","V43","V44","V45","V46","V47","V48","V49","V50","V51","V52","V53","V54","V55","V56","V57","V58","V59","V60","V61","V62","V63","V64","V65","V66","V67","V68","V69","V70","V71","V72","V73","V74","V75","V76","V77","V78","V79","V80","V81","V82","V83","V84","V85","V86","V87","V88","V89","V90","V91","V92","V93","V94","V95","V96","V97","V98","V99","V100","V101","V102","V103","V104","V105","V106","V107","V108","V109","V110","V111","V112","V113","V114","V115","V116","V117","V118","V119","V120","V121","V122","V123","V124","V125","V126","V127","V128","V129","V130","V131","V132","V133"
"1",1,1,1,1,0.995905511811024,0.999363260108246,0.998404594767071,0.993273542600897,0.994303797468354,0.999689440993789,0.996549560853199,0.993956743002545,0,0,0,0,0,0,0,0,0,0,0,0,0.300383877159309,0.30089058524173,0.298128766254361,0.304486159720013,0.307003517748641,0.300565326633166,0.306303452644916,0.303622047244094,0.307984790874525,0.302040816326531,0.303010890454837,0,0,0,0,0,0,0,0,0,0,0,0,0.46993670886076,0.475399361022364,0.474705695195673,0.471596318629007,0.463091482649842,0.469721243191285,0.372511848341232,0.296518987341772,0.296527994995308,0.46706967865097,0.475213135459425,0.470700031675641,0,0,0,0,0,0,0,0,0,0,0,0,0.364649681528662,0.363114231014678,0.362379421221865,0.359198998748436,0.369240752757949,0.366592990211557,0.369127516778524,0.365961477739185,0.369927650204467,0.363026819923372,0.366371120962635,0,0,0,0,0,0,0,0,0,0.286354900704677,0.290139064475348,0.304486159720013,0.307204062202475,0.298962590380384,0.291523303096653,0.289059993583574,0.293354430379747,0.291111111111111,0.286120771419538,0,0,0,0,0,0,0,0,0,0,0,0.478358448220584,0.477126288659794,0.473566164690804,0.461026615969582,0.461877756773787,0.469006957621758,0.466709760827408,0.475508905852417,0.463207547169811,0.467752035065748,0.471095496646439,0,0,0,0,0,0,0,0,0,0
"2",1,1,1,1,0.995055624227441,0.999372253609542,0.999048826886493,0.993716619541313,0.993451824134705,0.999690114657577,0.997202362449487,0.994047619047619,0,0,0,0,0,0,0,0,0,0,0,0,0.292191435768262,0.292438029494823,0.291549734954786,0.29748427672956,0.297476340694006,0.295845048422368,0.297878976918278,0.299132052076875,0.304075235109718,0.297700435052828,0.295045755758915,0,0,0,0,0,0,0,0,0,0,0,0,0.467544684854186,0.469573400250941,0.474258970358814,0.469611528822055,0.46060794044665,0.470144563167819,0.373837569745815,0.297724399494311,0.295163806552262,0.464330024813896,0.472636815920398,0.466184334696445,0,0,0,0,0,0,0,0,0,0,0,0,0.357390482193508,0.357504749841672,0.359709962168979,0.351943244910549,0.357051282051282,0.361367837338262,0.360980207351555,0.356457107463611,0.365069551777434,0.357300536108483,0.35705368289638,0,0,0,0,0,0,0,0,0,0.285306251983497,0.293491864831039,0.306340238543628,0.311915159076731,0.300871188550093,0.291497975708502,0.290170132325142,0.294136092819066,0.285982478097622,0.289572864321608,0,0,0,0,0,0,0,0,0,0,0,0.480012590494177,0.481143934632307,0.478096438701544,0.466248037676609,0.466936993137867,0.470588235294118,0.468939152596368,0.481644179479134,0.464542330521712,0.475561020596373,0.475935828877005,0,0,0,0,0,0,0,0,0,0
"3",1,1,1,1,0.994685839324789,0.99936628643853,0.998412698412698,0.992733017377567,0.993062125512457,0.999687890137328,0.996899224806202,0.99330570608862,0,0,0,0,0,0,0,0,0,0,0,0,0.296060991105464,0.294302801384954,0.292919799498747,0.300094369298522,0.301017164653528,0.294210692818728,0.299369085173502,0.295765877957659,0.303296703296703,0.301318267419962,0.295721077654517,0,0,0,0,0,0,0,0,0,0,0,0,0.470328282828283,0.479291811571293,0.480527638190955,0.473535859693079,0.467726847521048,0.477084659452578,0.370611991301646,0.300572519083969,0.300248911014312,0.469993682880606,0.478589420654912,0.471147748890298,0,0,0,0,0,0,0,0,0,0,0,0,0.358795562599049,0.360854319413452,0.354213036565978,0.350217526413922,0.357347784507491,0.355555555555556,0.361998103066709,0.356898162566179,0.364580056621579,0.353836398224477,0.355625,0,0,0,0,0,0,0,0,0,0.284802043422733,0.290059579805582,0.305186590765338,0.307523510971787,0.295056320400501,0.291392801251956,0.289456869009585,0.29241422725842,0.291143216080402,0.287787945724203,0,0,0,0,0,0,0,0,0,0,0,0.471775465152949,0.475934135528816,0.469974715549937,0.460659898477157,0.456974215594905,0.462047244094488,0.465250965250965,0.471108304389012,0.460243217960711,0.466521332918094,0.467005076142132,0,0,0,0,0,0,0,0,0,0
"4",1,1,1,1,0.995561192136969,0.999357945425361,0.998719590268886,0.993333333333333,0.993618379068283,0.999685237645578,0.997163567601639,0.993935525055857,0,0,0,0,0,0,0,0,0,0,0,0,0.296367112810707,0.296699775712913,0.289149003479911,0.292174470814625,0.2985312899106,0.294605809128631,0.296954314720812,0.296191375511489,0.304126984126984,0.299053627760252,0.297687861271676,0,0,0,0,0,0,0,0,0,0,0,0,0.465368656240026,0.478594249201278,0.47068145800317,0.464411107564635,0.46418428526349,0.468589743589744,0.378233438485804,0.300127307447486,0.300253646163602,0.467277900727158,0.472116603295311,0.467721518987342,0,0,0,0,0,0,0,0,0,0,0,0,0.364390555201021,0.363548387096774,0.361852685751045,0.359423919849718,0.364781906300485,0.360366046071316,0.371236386931454,0.364890282131661,0.370722433460076,0.363022508038585,0.365676359039191,0,0,0,0,0,0,0,0,0,0.285944033451271,0.294413057124922,0.30791229742612,0.312361681947518,0.302252816020025,0.292384832340959,0.28786423310919,0.296426292278239,0.290414425814616,0.291772959183673,0,0,0,0,0,0,0,0,0,0,0,0.4857324032974,0.492282958199357,0.48224,0.475441412520064,0.47171590194846,0.477215189873418,0.477597402597403,0.48502994011976,0.474560301507538,0.482316118935837,0.480627601665066,0,0,0,0,0,0,0,0,0,0
"5",0.995905511811024,0.995055624227441,0.994685839324789,0.995561192136969,1,0.995284501729016,0.995584988962472,1,1,0.995371798827522,0.9953300124533,0.99906191369606,0,0,0,0,0,0,0,0,0,0,0,0,0.300094369298522,0.302602696770147,0.296758104738155,0.300377833753149,0.306729264475743,0.298965841429019,0.304456999372254,0.301606922126082,0.300751879699248,0.303398815091986,0.298857868020305,0,0,0,0,0,0,0,0,0,0,0,0,0.460596546310832,0.473023839397742,0.471084713973117,0.466083150984683,0.455309872313921,0.468294229549778,0.378026070763501,0.301502817783344,0.29474011826953,0.463262764632628,0.469112574474757,0.466645689112649,0,0,0,0,0,0,0,0,0,0,0,0,0.361601513240857,0.361756283805282,0.358218318695107,0.354477611940299,0.361111111111111,0.362507759155804,0.363636363636364,0.362565850635265,0.366376631448104,0.357278481012658,0.358620689655172,0,0,0,0,0,0,0,0,0,0.290527654164018,0.292493796526055,0.312755905511811,0.314518657886485,0.300961836798014,0.293291731669267,0.292652160201829,0.294943820224719,0.295122708915812,0.291888506107109,0,0,0,0,0,0,0,0,0,0,0,0.483395989974937,0.483769303498267,0.477078722731584,0.469849246231156,0.467019290603609,0.4746875,0.472912683237731,0.48042593172565,0.468827930174564,0.477644156645082,0.477654516640254,0,0,0,0,0,0,0,0,0,0
"6",0.999363260108246,0.999372253609542,0.99936628643853,0.999357945425361,0.995284501729016,1,0.999038153254248,0.993309971328449,0.99333121625913,1,0.996823379923761,0.993937460114869,0,0,0,0,0,0,0,0,0,0,0,0,0.299710889816897,0.302943058221369,0.297637795275591,0.304792332268371,0.305269922879177,0.303164556962025,0.306730769230769,0.307619647355164,0.306981192221868,0.304928457869634,0.300514800514801,0,0,0,0,0,0,0,0,0,0,0,0,0.46688,0.4736,0.47361729179911,0.469749762432689,0.464139020537125,0.473701090442591,0.369469026548673,0.302406586447118,0.296040226272784,0.465883846397969,0.472565810339359,0.469779341221618,0,0,0,0,0,0,0,0,0,0,0,0,0.357689853222719,0.354703608247423,0.351994851994852,0.349670122525919,0.358723958333333,0.359360301034807,0.359489633173844,0.353364632237872,0.36447410231967,0.350239234449761,0.354325699745547,0,0,0,0,0,0,0,0,0,0.289584005159626,0.297245963912631,0.310969793322735,0.315025252525253,0.303689687795648,0.294117647058824,0.294363929146538,0.30130448615972,0.295454545454545,0.291746641074856,0,0,0,0,0,0,0,0,0,0,0,0.473717744504619,0.476647472808701,0.470437017994859,0.466053299492386,0.459493670886076,0.469974715549937,0.463556851311953,0.476688867745005,0.46221941195068,0.468488047190314,0.470063694267516,0,0,0,0,0,0,0,0,0,0
"7",0.998404594767071,0.999048826886493,0.998412698412698,0.998719590268886,0.995584988962472,0.999038153254248,1,0.994553027875681,0.994580809690787,0.999369284137496,0.999053329125907,0.996492346938776,0,0,0,0,0,0,0,0,0,0,0,0,0.296925048046124,0.300766283524904,0.291891891891892,0.297615262321145,0.300541228907991,0.298412698412698,0.303068649161658,0.301170515659601,0.301693831895174,0.29707639107199,0.297071129707113,0,0,0,0,0,0,0,0,0,0,0,0,0.469264892268695,0.477526299011795,0.4770206022187,0.475706573515402,0.465605095541401,0.474190445655659,0.374486896116198,0.295271791572853,0.294488188976378,0.469556901498247,0.479074191502854,0.473885350318471,0,0,0,0,0,0,0,0,0,0,0,0,0.359269932756964,0.361128928800513,0.359073359073359,0.353513174404015,0.360468902637577,0.356849098386587,0.36512,0.357255272269437,0.364754098360656,0.359123146357189,0.358982511923688,0,0,0,0,0,0,0,0,0,0.292015453960077,0.297751029458347,0.310322786832854,0.317893401015228,0.303385004745334,0.295547837069782,0.298593350383632,0.297994269340974,0.296870060069554,0.295055821371611,0,0,0,0,0,0,0,0,0,0,0,0.478580562659847,0.481516889738687,0.476374156219865,0.466346153846154,0.465973534971645,0.469465648854962,0.470531088082902,0.479312539783577,0.468562401263823,0.475404732254047,0.477827763496144,0,0,0,0,0,0,0,0,0,0
"8",0.993273542600897,0.993716619541313,0.992733017377567,0.993333333333333,1,0.993309971328449,0.994553027875681,1,1,0.993765586034913,0.995920928773141,0.999048826886493,0,0,0,0,0,0,0,0,0,0,0,0,0.294509679466836,0.294546607482562,0.295226130653266,0.29873417721519,0.299202551834131,0.295547837069782,0.30034887408817,0.296952736318408,0.303395747381784,0.303610675039246,0.296437659033079,0,0,0,0,0,0,0,0,0,0,0,0,0.470217459817208,0.474236641221374,0.475979772439949,0.471437539234149,0.463613550815558,0.474173885145974,0.371059268600252,0.295690468700849,0.293454431569057,0.468306527909177,0.479041916167665,0.469194312796209,0,0,0,0,0,0,0,0,0,0,0,0,0.358418367346939,0.35814696485623,0.353993610223642,0.354457906182044,0.357119793348402,0.356625747560592,0.363347120585428,0.357277289836888,0.361251580278129,0.354278497000316,0.354585427135678,0,0,0,0,0,0,0,0,0,0.290682833439694,0.29452269170579,0.310560952679411,0.313385826771654,0.301374141161774,0.297600498597694,0.294455066921606,0.300442757748261,0.297536323436513,0.294267515923567,0,0,0,0,0,0,0,0,0,0,0,0.478618942033576,0.482539682539683,0.477374123645634,0.468502690724913,0.4614904895541,0.472624292007552,0.470285897847735,0.477251034043907,0.461200125667609,0.472630591179231,0.473634053367217,0,0,0,0,0,0,0,0,0,0
"9",0.994303797468354,0.993451824134705,0.993062125512457,0.993618379068283,1,0.99333121625913,0.994580809690787,1,1,0.993779160186625,0.995,0.99872245289045,0,0,0,0,0,0,0,0,0,0,0,0,0.299018055115616,0.30345264491606,0.298868636077938,0.302714646464646,0.308103015075377,0.301697045883092,0.303260525482748,0.302507836990596,0.305811368688473,0.300723497955332,0.300095268339155,0,0,0,0,0,0,0,0,0,0,0,0,0.461928934010152,0.470775095298602,0.47068145800317,0.465930599369085,0.45582266625039,0.468030690537084,0.371766905578062,0.298606713109563,0.295805739514349,0.463576158940397,0.469701726844584,0.464901084875558,0,0,0,0,0,0,0,0,0,0,0,0,0.362074451161311,0.36337395766517,0.363057324840764,0.358074534161491,0.364606923325785,0.366593681576478,0.367633004141446,0.365163297045101,0.36959949542731,0.361889763779528,0.361728781709991,0,0,0,0,0,0,0,0,0,0.291135204081633,0.294952681388013,0.313314267556403,0.314483191957273,0.301216089803555,0.296802235330643,0.299038461538462,0.299810844892812,0.2928125,0.294117647058824,0,0,0,0,0,0,0,0,0,0,0,0.479911420436571,0.482222222222222,0.480544131603923,0.468226367372747,0.465873512836569,0.470588235294118,0.469570787956438,0.479643765903308,0.4679186228482,0.47285138070121,0.472530962210225,0,0,0,0,0,0,0,0,0,0
"10",0.999689440993789,0.999690114657577,0.999687890137328,0.999685237645578,0.995371798827522,1,0.999369284137496,0.993765586034913,0.993779160186625,1,0.997213622291022,0.994350282485876,0,0,0,0,0,0,0,0,0,0,0,0,0.306800376057662,0.309368191721133,0.30409175449473,0.3088875077688,0.312891113892365,0.30491599253267,0.31244153414406,0.310099132589839,0.313877677739832,0.311000311623559,0.308178086517209,0,0,0,0,0,0,0,0,0,0,0,0,0.473454091193004,0.482271728898651,0.482192629296996,0.474258970358814,0.470114586559306,0.475141598489616,0.376466954910439,0.302122347066167,0.300092336103416,0.470276999688764,0.48032228075612,0.4740625,0,0,0,0,0,0,0,0,0,0,0,0,0.364065449968534,0.369021222679759,0.364409448818898,0.360565110565111,0.368187579214195,0.367851622874807,0.366311834690044,0.368012422360248,0.368290412659013,0.36043956043956,0.36799501867995,0,0,0,0,0,0,0,0,0,0.294265910522999,0.300310559006211,0.311834690043832,0.31727781230578,0.30505860579889,0.298136645962733,0.295605437875435,0.29847018420231,0.296826384567517,0.290760012614317,0,0,0,0,0,0,0,0,0,0,0,0.481844016419324,0.479912799750856,0.478696741854637,0.468963376784606,0.469990766389658,0.469438411417934,0.471799746514575,0.478301886792453,0.465983224603914,0.474477244772448,0.471917163476624,0,0,0,0,0,0,0,0,0,0
"11",0.996549560853199,0.997202362449487,0.996899224806202,0.997163567601639,0.9953300124533,0.996823379923761,0.999053329125907,0.995920928773141,0.995,0.997213622291022,1,0.997147385103011,0,0,0,0,0,0,0,0,0,0,0,0,0.29911838790932,0.298427672955975,0.297466374726306,0.299624295554164,0.305993690851735,0.298212605832549,0.303836633663366,0.303360298693217,0.303789539617914,0.300744878957169,0.300188797986155,0,0,0,0,0,0,0,0,0,0,0,0,0.465371356941398,0.471680302076778,0.472360248447205,0.465473948524796,0.460292743693553,0.470922882427307,0.376441258959177,0.301952141057934,0.298452012383901,0.463407038305824,0.471325603259166,0.462846347607053,0,0,0,0,0,0,0,0,0,0,0,0,0.370556778861277,0.36850443599493,0.366380680012711,0.361807489941195,0.371749598715891,0.370588235294118,0.374605180037903,0.368257904525728,0.374610106051154,0.363093366865765,0.369464230411892,0,0,0,0,0,0,0,0,0,0.28809218950064,0.292834890965732,0.304716981132075,0.312421972534332,0.302619414483821,0.294044665012407,0.294806839772008,0.293136020151133,0.295173267326733,0.29137603043754,0,0,0,0,0,0,0,0,0,0,0,0.487972508591065,0.486528822055138,0.485229415461974,0.474459417110624,0.471321695760599,0.479088639200999,0.47702616464582,0.487758945386064,0.472042014210689,0.483132157226865,0.482389937106918,0,0,0,0,0,0,0,0,0,0
"12",0.993956743002545,0.994047619047619,0.99330570608862,0.993935525055857,0.99906191369606,0.993937460114869,0.996492346938776,0.999048826886493,0.99872245289045,0.994350282485876,0.997147385103011,1,0,0,0,0,0,0,0,0,0,0,0,0,0.305742701315367,0.305697823303457,0.302494474265867,0.307053941908714,0.305998723675814,0.303853442830069,0.305972532737145,0.306746532156368,0.306363927086665,0.30761934871957,0.30218368657675,0,0,0,0,0,0,0,0,0,0,0,0,0.464308476736775,0.470099136552606,0.47383444338725,0.468651044965168,0.462453066332916,0.468174474959612,0.375864236329353,0.299521531100478,0.296610169491525,0.46122190566635,0.47148288973384,0.468132568514978,0,0,0,0,0,0,0,0,0,0,0,0,0.363781031190325,0.363840719332049,0.361852685751045,0.357366771159875,0.37129840546697,0.365402695079912,0.368807925854906,0.366455696202532,0.37017099430019,0.365028717294193,0.364066940322071,0,0,0,0,0,0,0,0,0,0.289592760180996,0.296845425867508,0.311841685285669,0.31760607979734,0.305116866708781,0.298306148055207,0.298713826366559,0.298150510204082,0.296073464217859,0.292170591979631,0,0,0,0,0,0,0,0,0,0,0,0.485796361315034,0.483541067433685,0.481171548117155,0.472506393861893,0.468592964824121,0.474050632911392,0.475790832795352,0.484838913455464,0.472955974842767,0.477265600501725,0.477374123645634,0,0,0,0,0,0,0,0,0,0
"13",0,0,0,0,0,0,0,0,0,0,0,0,1,1,0.977101631116688,0.977595455979804,0.138412698412698,0.974803149606299,0.998106060606061,0.998110831234257,0.999370078740157,0.999683744465528,0.791548407442447,1,0,0,0,0,0,0,0,0,0,0,0,0.6675,0.63935940868494,0.568025078369906,0.0972178805876836,0.0924102889806288,0.0907114010562286,0.154207069127307,0.130759651307597,0.130270610446822,0.166562694946974,0.0928030303030303,0.0960753532182104,0,0,0,0,0,0,0,0,0,0,0,0,0.650218613366646,0.195638432364096,0.12998753117207,0.278112131770668,0.13182382133995,0.131937836980653,0.65209244222361,0.397174254317111,0.743125,0.745351402458241,0.509810028028651,0.130025125628141,0,0,0,0,0,0,0,0,0,0,0,0.116977552956054,0.130254777070064,0.126658243840809,0.135571745327843,0.131116687578419,0.124881141045959,0.130270610446822,0.12464854732896,0.540724682564261,0,0,0,0,0,0,0,0,0,0,0.1287284144427,0.12966476913346,0.129878239150796,0.128697293895532,0.127552623311342,0.124491710979043,0.14674256799494,0.336068160302935,0.132311542070691,0.156122127793516,0.35584581076776,0,0,0,0,0,0,0,0,0,0,0,0.133755942947702,0.1334375,0.131652661064426,0.128666035950804,0.126185958254269,0.0916587377101173,0.0930232558139535,0.0947599623470348,0.09223150727329,0.131060369096028
"14",0,0,0,0,0,0,0,0,0,0,0,0,1,1,0.976714100905563,0.978071589809739,0.143824572718478,0.975712435233161,0.998050048748781,0.998065764023211,0.999352121801101,0.999678353168221,0.800385109114249,1,0,0,0,0,0,0,0,0,0,0,0,0.6784,0.648587933247754,0.578794714792137,0.102498398462524,0.09765625,0.0961047254150702,0.155289550307344,0.13504,0.137998056365403,0.159392175881022,0.0980837934394284,0.102588996763754,0,0,0,0,0,0,0,0,0,0,0,0,0.65565886502084,0.197987666342097,0.134664948453608,0.273139158576052,0.133798351299937,0.137102014294997,0.663560411311054,0.394339015760695,0.751770766258854,0.751838823153182,0.511111111111111,0.133117932148627,0,0,0,0,0,0,0,0,0,0,0,0.126009693053312,0.139070680628272,0.129743756081739,0.140872374798061,0.136290581806493,0.13419773095624,0.135456885456885,0.129671031619291,0.549793191218581,0,0,0,0,0,0,0,0,0,0,0.133757961783439,0.134791122715405,0.13371906139505,0.134154244977317,0.13257328990228,0.132815030774214,0.147764095917045,0.329105691056911,0.135500482780817,0.156076898012382,0.358840768479323,0,0,0,0,0,0,0,0,0,0,0,0.134114583333333,0.136730087068688,0.137547649301144,0.133850630455868,0.131681877444589,0.0976167156382631,0.100899742930591,0.10048309178744,0.0982085732565579,0.135894125242092
"15",0,0,0,0,0,0,0,0,0,0,0,0,0.977101631116688,0.976714100905563,1,0.945244055068836,0.158444022770398,0.942143534619033,0.975110270951481,0.980637101811368,0.9756560227632,0.974803149606299,0.840951784596118,0.975709779179811,0,0,0,0,0,0,0,0,0,0,0,0.663519043122443,0.653054862842893,0.593337523570082,0.0964419475655431,0.0918334922148078,0.090282131661442,0.14811320754717,0.131751482984702,0.13360450563204,0.163149606299213,0.0898697999364878,0.0994946304485155,0,0,0,0,0,0,0,0,0,0,0,0,0.666561910747957,0.231568998109641,0.153846153846154,0.284409448818898,0.145454545454545,0.146310432569975,0.636620603015075,0.415931989924433,0.71473452717562,0.717916535927204,0.501410216233156,0.133059418457649,0,0,0,0,0,0,0,0,0,0,0,0.125,0.135560552521683,0.132911392405063,0.136708860759494,0.140664160401003,0.136651870640457,0.142319749216301,0.154517133956386,0.586571339757538,0,0,0,0,0,0,0,0,0,0,0.129931120851597,0.132362254591514,0.127779517694958,0.131944444444444,0.127578546493177,0.126702565726956,0.14249684741488,0.314574770787227,0.133396404919584,0.146864166404034,0.34221376466857,0,0,0,0,0,0,0,0,0,0,0,0.132273449920509,0.133586578031022,0.133853354134165,0.131297229219144,0.128172588832487,0.0903575989782886,0.0932917316692668,0.0936317780580076,0.0912797992471769,0.137421383647799
"16",0,0,0,0,0,0,0,0,0,0,0,0,0.977595455979804,0.978071589809739,0.945244055068836,1,0.141955835962145,0.99968394437421,0.977438830632348,0.976325757575758,0.977545857052498,0.981388012618297,0.761039774506733,0.978542126853897,0,0,0,0,0,0,0,0,0,0,0,0.669811320754717,0.63285175879397,0.557631412286257,0.0940843297671491,0.0898127578546493,0.0870654556843094,0.176991150442478,0.138050314465409,0.136719974913766,0.167506297229219,0.0901328273244782,0.0962634578847372,0,0,0,0,0,0,0,0,0,0,0,0,0.644794952681388,0.183828174352495,0.130971211641885,0.298240100565682,0.13216957605985,0.137745408486384,0.672738693467337,0.409119696010133,0.780119534444794,0.774447949526814,0.530837004405286,0.134803149606299,0,0,0,0,0,0,0,0,0,0,0,0.118245390972664,0.137655701053976,0.130986362194735,0.139572021718301,0.135593220338983,0.13191354100445,0.13149556400507,0.12933458294283,0.530491599253267,0,0,0,0,0,0,0,0,0,0,0.130885122410546,0.136073932441045,0.134379905808477,0.134530560806553,0.128066263141128,0.130050505050505,0.168814838101226,0.377573645866329,0.13496348046999,0.180228862047044,0.397965670692943,0,0,0,0,0,0,0,0,0,0,0,0.13401403956605,0.134621476084891,0.136363636363636,0.133375275243787,0.135238095238095,0.0903864580006388,0.0950141110065851,0.0928481806775408,0.0906824555936429,0.132556675062972
"17",0,0,0,0,0,0,0,0,0,0,0,0,0.138412698412698,0.143824572718478,0.158444022770398,0.141955835962145,1,0.136435580880025,0.139256458727158,0.140521848475322,0.139579349904398,0.139717425431711,0.258561105874961,0.143805309734513,0,0,0,0,0,0,0,0,0,0,0,0.132913385826772,0.144896059571827,0.217432347388295,0.439337085678549,0.427437281676723,0.433291770573566,0.649033892936332,0.756234413965087,0.836352279825109,0.276110068792996,0.425984752223634,0.910963244613435,0,0,0,0,0,0,0,0,0,0,0,0,0.152098453770906,0.623931623931624,0.871594112120263,0.431335236282905,0.835505896958411,0.693838862559242,0.14376187460418,0.356194690265487,0.136781973976515,0.13607793840352,0.225969114402773,0.840873141410946,0,0,0,0,0,0,0,0,0,0,0,0.953259141494436,0.866346153846154,0.939499524865379,0.784375992378533,0.96479094624332,0.962760834670947,0.9708584098828,0.933081998114986,0.295235129243226,0,0,0,0,0,0,0,0,0,0,0.878504672897196,0.821153846153846,0.815889029003783,0.840328179236352,0.836288790373654,0.834541443428932,0.583017676767677,0.363261421319797,0.820593809222994,0.666666666666667,0.362714013950539,0,0,0,0,0,0,0,0,0,0,0,0.837716484926235,0.828139754485364,0.927482103952692,0.834966803667404,0.84379980873446,0.447126071768815,0.478696741854637,0.444935310823604,0.432617491441021,0.958531180753403
"18",0,0,0,0,0,0,0,0,0,0,0,0,0.974803149606299,0.975712435233161,0.942143534619033,0.99968394437421,0.136435580880025,1,0.973943438195106,0.97422024188415,0.97344293392349,0.979345408325389,0.744633838383838,0.975679090334807,0,0,0,0,0,0,0,0,0,0,0,0.665926395939086,0.629294191130543,0.545080670673837,0.094577553593947,0.0891152132399745,0.0891120175713837,0.172664141414141,0.131785378098525,0.132291998724896,0.162849074364606,0.089086859688196,0.093968253968254,0,0,0,0,0,0,0,0,0,0,0,0,0.637226970560304,0.167301587301587,0.129381771829191,0.289952153110048,0.1291627762216,0.132441897484877,0.668763762189368,0.389349489795918,0.774122113255299,0.776166456494325,0.521958925750395,0.131520708188429,0,0,0,0,0,0,0,0,0,0,0,0.113062919195145,0.132885046429715,0.128877518388232,0.136669874879692,0.133545310015898,0.126928020565553,0.127422942484906,0.12625313283208,0.517896047307812,0,0,0,0,0,0,0,0,0,0,0.128060263653484,0.130086510733739,0.129419191919192,0.130929791271347,0.125079770261646,0.125834127740705,0.165926395939086,0.37728,0.132617619197979,0.171954314720812,0.393200769724182,0,0,0,0,0,0,0,0,0,0,0,0.130700064226076,0.132698412698413,0.131578947368421,0.12987012987013,0.125834127740705,0.0891435848455906,0.0920764171625431,0.09344314222363,0.0925515055467512,0.128879037365421
"19",0,0,0,0,0,0,0,0,0,0,0,0,0.998106060606061,0.998050048748781,0.975110270951481,0.977438830632348,0.139256458727158,0.973943438195106,1,1,0.99968474148802,0.997798742138365,0.795648060548723,0.99841822208162,0,0,0,0,0,0,0,0,0,0,0,0.669617451786279,0.641749379652605,0.571925387290547,0.0941915227629513,0.0907648365598223,0.0904255319148936,0.15921963499056,0.130461922596754,0.131019387116948,0.168236032642812,0.0914556962025316,0.0947567909033481,0,0,0,0,0,0,0,0,0,0,0,0,0.651381909547739,0.199172764874324,0.132871536523929,0.292983565107459,0.130461922596754,0.135876418663304,0.659048215403882,0.416111639708214,0.745214935676184,0.744440964610085,0.526645768025078,0.129367327667611,0,0,0,0,0,0,0,0,0,0,0,0.119426751592357,0.13260730301089,0.125634517766497,0.139224411951685,0.133608378292606,0.128589661774091,0.131421367790734,0.125705329153605,0.544829740706029,0,0,0,0,0,0,0,0,0,0,0.127619643415702,0.132887189292543,0.127392532161908,0.130175658720201,0.126429479034307,0.126454860018874,0.154356060606061,0.340923466160658,0.129582806573957,0.158570980883736,0.367450731087095,0,0,0,0,0,0,0,0,0,0,0,0.130128205128205,0.131446540880503,0.133704735376045,0.12966476913346,0.126312440343621,0.0891497461928934,0.0946156240273887,0.0966122961104141,0.0908521303258145,0.131428571428571
"20",0,0,0,0,0,0,0,0,0,0,0,0,0.998110831234257,0.998065764023211,0.980637101811368,0.976325757575758,0.140521848475322,0.97422024188415,1,1,0.999683143219265,0.997168921044354,0.804954531201003,0.998429154885328,0,0,0,0,0,0,0,0,0,0,0,0.665302267002519,0.638845795842383,0.576489028213166,0.0952679410842996,0.0881516587677725,0.090455396132252,0.156062044950934,0.130841121495327,0.134578847371754,0.163374098463468,0.0896747710767288,0.0943217665615142,0,0,0,0,0,0,0,0,0,0,0,0,0.650863422291994,0.199427480916031,0.132099152808284,0.27981072555205,0.132233976353454,0.136478784040532,0.652214891611687,0.406534715677034,0.73852922690132,0.741438894125039,0.518751969744721,0.132746146586977,0,0,0,0,0,0,0,0,0,0,0,0.119644557283402,0.134076433121019,0.128826530612245,0.136868847253096,0.136062992125984,0.129617834394904,0.131462799495586,0.128428927680798,0.547293092719353,0,0,0,0,0,0,0,0,0,0,0.130926216640502,0.135160981829774,0.131430363864492,0.132533922372988,0.125874125874126,0.126769424347279,0.153192827933312,0.339562876148242,0.134464341815897,0.157427937915743,0.36395202020202,0,0,0,0,0,0,0,0,0,0,0,0.134099616858238,0.132829713566257,0.1321875,0.130805687203791,0.128859483301827,0.0910828025477707,0.0926677067082683,0.093563579277865,0.0894257922811421,0.134973194575844
"21",0,0,0,0,0,0,0,0,0,0,0,0,0.999370078740157,0.999352121801101,0.9756560227632,0.977545857052498,0.139579349904398,0.97344293392349,0.99968474148802,0.999683143219265,1,0.998743323908263,0.790373654211526,0.999684144030322,0,0,0,0,0,0,0,0,0,0,0,0.670700636942675,0.641033623910336,0.568367989918084,0.094620253164557,0.0880944781359719,0.0884012539184953,0.157495256166983,0.131595477386935,0.132003798670465,0.166404034037189,0.0895091434071222,0.0920342748333862,0,0,0,0,0,0,0,0,0,0,0,0,0.652869238005644,0.195075757575758,0.130256085994309,0.287476280834915,0.133333333333333,0.134030418250951,0.66258246936852,0.407770056854075,0.748269351793581,0.753259141494436,0.523958659567805,0.131428571428571,0,0,0,0,0,0,0,0,0,0,0,0.116640253565769,0.135419993612264,0.127632418634333,0.136465324384787,0.133627481878349,0.129042587255844,0.130050505050505,0.125197098707032,0.545227698066126,0,0,0,0,0,0,0,0,0,0,0.128414442700157,0.131126670910248,0.131019387116948,0.130489731437599,0.12663060769965,0.128756722556153,0.151989971795675,0.341510035043007,0.132446134347275,0.15801070192005,0.366111467008328,0,0,0,0,0,0,0,0,0,0,0,0.130546623794212,0.135152284263959,0.130829420970266,0.132153019285488,0.12827804107425,0.089171974522293,0.0929577464788732,0.092662871600253,0.0894206549118388,0.129936305732484
"22",0,0,0,0,0,0,0,0,0,0,0,0,0.999683744465528,0.999678353168221,0.974803149606299,0.981388012618297,0.139717425431711,0.979345408325389,0.997798742138365,0.997168921044354,0.998743323908263,1,0.792411414236438,0.999684443041969,0,0,0,0,0,0,0,0,0,0,0,0.675751879699248,0.641786383510306,0.567541917114837,0.0964387015442799,0.0906785034876347,0.0913642052565707,0.151361621279291,0.133103664265581,0.13519517613456,0.164481897627965,0.0937996820349762,0.095881798176674,0,0,0,0,0,0,0,0,0,0,0,0,0.650568181818182,0.181703470031546,0.133040476937559,0.267489711934156,0.132713178294574,0.135178117048346,0.65576862621817,0.381042654028436,0.747093936537857,0.751578282828283,0.509766855702584,0.131819615263324,0,0,0,0,0,0,0,0,0,0,0,0.12241653418124,0.134744947064485,0.129705789307181,0.138880101233787,0.134512156615093,0.131419457735247,0.134379905808477,0.125976867771179,0.539637952559301,0,0,0,0,0,0,0,0,0,0,0.128625472887768,0.135092180546726,0.1321875,0.133081046988332,0.12622278321237,0.125509883903357,0.145253164556962,0.328697850821745,0.135678391959799,0.152462121212121,0.345907928388747,0,0,0,0,0,0,0,0,0,0,0,0.133397007322509,0.135245901639344,0.133914668327624,0.131896005072923,0.132081476766391,0.0911699075549888,0.097339593114241,0.0970873786407767,0.091617326269866,0.132427307206068
"23",0,0,0,0,0,0,0,0,0,0,0,0,0.791548407442447,0.800385109114249,0.840951784596118,0.761039774506733,0.258561105874961,0.744633838383838,0.795648060548723,0.804954531201003,0.790373654211526,0.792411414236438,1,0.79646017699115,0,0,0,0,0,0,0,0,0,0,0,0.680651221039449,0.70330348873109,0.73412204234122,0.102612527541706,0.0982312065698042,0.0986394557823129,0.145141065830721,0.141033623910336,0.150236220472441,0.177505497957901,0.0975994946304485,0.194592895315938,0,0,0,0,0,0,0,0,0,0,0,0,0.704666457876605,0.41862652869238,0.334480600750939,0.34956304619226,0.290492412511614,0.25774826059456,0.640897755610973,0.512409676405906,0.611372918630223,0.617445482866044,0.541238717709306,0.148217636022514,0,0,0,0,0,0,0,0,0,0,0,0.220499841822208,0.153035143769968,0.217993079584775,0.153553299492386,0.239449828071272,0.239441092410289,0.255332496863237,0.316542288557214,0.784009916330958,0,0,0,0,0,0,0,0,0,0,0.167864957799312,0.147748890298034,0.140586034912718,0.147141518275539,0.143751957406827,0.14321608040201,0.143801132787917,0.305100755667506,0.146318439269981,0.145774426641533,0.334907145105445,0,0,0,0,0,0,0,0,0,0,0,0.146117274167987,0.147298994974874,0.205343274308792,0.142857142857143,0.143443917851501,0.098978288633461,0.103319888302823,0.101567398119122,0.0972568578553616,0.224192526915769
"24",0,0,0,0,0,0,0,0,0,0,0,0,1,1,0.975709779179811,0.978542126853897,0.143805309734513,0.975679090334807,0.99841822208162,0.998429154885328,0.999684144030322,0.999684443041969,0.79646017699115,1,0,0,0,0,0,0,0,0,0,0,0,0.682360326428123,0.647666771061697,0.572502348888193,0.103339634530561,0.0986005089058524,0.098125,0.154889589905363,0.136292591434823,0.138519924098672,0.167452089224003,0.0984389933099713,0.103883801705084,0,0,0,0,0,0,0,0,0,0,0,0,0.657349246231156,0.187838268067494,0.139010644959299,0.269996838444515,0.139087239987581,0.140858505564388,0.662878787878788,0.393795504906616,0.753467843631778,0.756808106396453,0.509398496240602,0.136363636363636,0,0,0,0,0,0,0,0,0,0,0,0.124841571609632,0.137135533482858,0.135873015873016,0.142313787638669,0.139615505830444,0.137942019751513,0.139160618491638,0.13200498132005,0.543952618453865,0,0,0,0,0,0,0,0,0,0,0.136050156739812,0.139312977099237,0.135033050047214,0.138686131386861,0.136436085431941,0.132427307206068,0.146929824561404,0.331008243500317,0.141729797979798,0.155569580309246,0.356072680905324,0,0,0,0,0,0,0,0,0,0,0,0.138915318744053,0.138915318744053,0.139339152119701,0.137649277184161,0.135759493670886,0.0962939499524865,0.102034428794992,0.102572145545797,0.0997490589711418,0.140429624879769
"25",0.300383877159309,0.292191435768262,0.296060991105464,0.296367112810707,0.300094369298522,0.299710889816897,0.296925048046124,0.294509679466836,0.299018055115616,0.306800376057662,0.29911838790932,0.305742701315367,0,0,0,0,0,0,0,0,0,0,0,0,1,0.998095238095238,0.998099461514096,1,0.998089171974522,0.998730158730159,1,0.99811320754717,0.997769279796048,0.998740157480315,0.997758565481908,0,0,0,0,0,0,0,0,0,0,0,0,0.342339478703115,0.338668373879641,0.347355003186743,0.353816914792525,0.355905511811024,0.344483756834995,0.546574044837386,0.447167409293444,0.438978240302744,0.353276353276353,0.354767184035477,0.350657683670196,0,0,0,0,0,0,0,0,0,0,0,0,0.34069804674992,0.335048231511254,0.344706632653061,0.339793685526727,0.343476853350599,0.33722766024629,0.338023664854493,0.338281743524953,0.332071901608325,0.336215177713737,0.325071496663489,0,0,0,0,0,0,0,0,0,0.374189364461738,0.369819677317305,0.391554702495202,0.397586535408066,0.380469245402663,0.3755127800568,0.373466752743706,0.380542264752791,0.379734848484849,0.376237623762376,0,0,0,0,0,0,0,0,0,0,0,0.468849332485696,0.471716203259827,0.471510883482714,0.460897435897436,0.466561514195584,0.472583201267829,0.466299416720674,0.470906200317965,0.469342604298357,0.470991890205864,0.471674092934437,0,0,0,0,0,0,0,0,0,0
"26",0.30089058524173,0.292438029494823,0.294302801384954,0.296699775712913,0.302602696770147,0.302943058221369,0.300766283524904,0.294546607482562,0.30345264491606,0.309368191721133,0.298427672955975,0.305697823303457,0,0,0,0,0,0,0,0,0,0,0,0,0.998095238095238,1,0.99936788874842,0.998106060606061,1,1,0.998103066708821,1,0.999366085578447,0.999685435671595,0.999043672298374,0,0,0,0,0,0,0,0,0,0,0,0,0.344609547897566,0.338281743524953,0.349683544303797,0.353681560730019,0.352554058288938,0.344993581514763,0.544825416797735,0.449585194639438,0.435745477230193,0.351574928412345,0.352095059412133,0.348925410872314,0,0,0,0,0,0,0,0,0,0,0,0,0.332377310388783,0.331300160513644,0.334185303514377,0.330413016270338,0.335481791814373,0.328522121117038,0.330481622306717,0.333855308487316,0.32620320855615,0.329705505761844,0.317824583464319,0,0,0,0,0,0,0,0,0,0.36439321165546,0.363923052664775,0.380801017164654,0.389221556886228,0.3732747804266,0.367974882260597,0.367177522349936,0.376149698699651,0.374921433060968,0.36598596043395,0,0,0,0,0,0,0,0,0,0,0,0.470569620253165,0.472496025437202,0.472373043755988,0.464297048556014,0.47032967032967,0.470698840488875,0.467503217503217,0.468394437420986,0.470846394984326,0.471622455274522,0.476114649681529,0,0,0,0,0,0,0,0,0,0
"27",0.298128766254361,0.291549734954786,0.292919799498747,0.289149003479911,0.296758104738155,0.297637795275591,0.291891891891892,0.295226130653266,0.298868636077938,0.30409175449473,0.297466374726306,0.302494474265867,0,0,0,0,0,0,0,0,0,0,0,0,0.998099461514096,0.99936788874842,1,0.998112614029569,0.99937106918239,1,0.99811320754717,0.999380229315153,1,0.999686323713927,0.998727330575883,0,0,0,0,0,0,0,0,0,0,0,0,0.348829854522454,0.345001576789656,0.355020331560838,0.359375,0.362616822429907,0.353538559187559,0.555173491716161,0.457637795275591,0.447401377582968,0.359419375197223,0.355910943869552,0.356940509915014,0,0,0,0,0,0,0,0,0,0,0,0,0.337641866330391,0.324228791773779,0.335023771790808,0.330953120149022,0.335600907029478,0.33270794246404,0.330688670263408,0.329467084639498,0.326046221111805,0.331858407079646,0.320037394827049,0,0,0,0,0,0,0,0,0,0.360051298493107,0.361675523601125,0.379474184352233,0.384712173639509,0.369302325581395,0.360273546782717,0.363031071655041,0.374175306314797,0.371446422992815,0.362364907819453,0,0,0,0,0,0,0,0,0,0,0,0.475935828877005,0.476340694006309,0.478095238095238,0.469104665825977,0.471246502953062,0.475700934579439,0.471740526653821,0.477890082122552,0.476860537836148,0.474791215589236,0.475964579380139,0,0,0,0,0,0,0,0,0,0
"28",0.304486159720013,0.29748427672956,0.300094369298522,0.292174470814625,0.300377833753149,0.304792332268371,0.297615262321145,0.29873417721519,0.302714646464646,0.3088875077688,0.299624295554164,0.307053941908714,0,0,0,0,0,0,0,0,0,0,0,0,1,0.998106060606061,0.998112614029569,1,0.998092816274634,0.998734977862113,1,0.998127925117005,0.997777777777778,0.998737373737374,0.998094027954257,0,0,0,0,0,0,0,0,0,0,0,0,0.338790931989924,0.332911392405063,0.346880907372401,0.35015873015873,0.35153045124645,0.345663265306122,0.542965061378659,0.449445324881141,0.436386370740857,0.344157911493155,0.346977329974811,0.346641318124208,0,0,0,0,0,0,0,0,0,0,0,0,0.331423113658071,0.326458266194006,0.339063992359121,0.329912935323383,0.339032258064516,0.332067109844888,0.330668372241765,0.330910240202276,0.323178391959799,0.33248569612206,0.320862396956246,0,0,0,0,0,0,0,0,0,0.363490535771575,0.362840162652487,0.378730158730159,0.388383045525903,0.370912488321395,0.366280888332812,0.369406537607109,0.374328169459374,0.368636077938404,0.367688902940247,0,0,0,0,0,0,0,0,0,0,0,0.470382165605096,0.473248407643312,0.469446212603437,0.46469465648855,0.469993682880606,0.470532319391635,0.469143780290792,0.470384373030876,0.471626733921816,0.468078480224229,0.472222222222222,0,0,0,0,0,0,0,0,0,0
"29",0.307003517748641,0.297476340694006,0.301017164653528,0.2985312899106,0.306729264475743,0.305269922879177,0.300541228907991,0.299202551834131,0.308103015075377,0.312891113892365,0.305993690851735,0.305998723675814,0,0,0,0,0,0,0,0,0,0,0,0,0.998089171974522,1,0.99937106918239,0.998092816274634,1,1,0.998102466793169,1,0.999360409338024,0.999684443041969,0.998073217726397,0,0,0,0,0,0,0,0,0,0,0,0,0.348131587352284,0.342522179974651,0.354186413902054,0.357006369426752,0.35929648241206,0.3497425997426,0.550409577819786,0.45494923857868,0.441167241920301,0.349794238683128,0.356598984771574,0.354153455928979,0,0,0,0,0,0,0,0,0,0,0,0,0.33728,0.330766762913057,0.338755980861244,0.333956969130028,0.338933764135703,0.335214800878018,0.334405144694534,0.334381881094684,0.328503937007874,0.330337078651685,0.322469445314948,0,0,0,0,0,0,0,0,0,0.367182462927144,0.362172402904957,0.378917378917379,0.388257575757576,0.371069182389937,0.364092906465788,0.371831889637472,0.375954198473282,0.37272155876807,0.370063694267516,0,0,0,0,0,0,0,0,0,0,0,0.473550839404498,0.476947535771065,0.477870429762668,0.468858678469807,0.47489014438167,0.47416509136736,0.471116816431322,0.475111678366305,0.469510268562401,0.474210690840888,0.474992035680153,0,0,0,0,0,0,0,0,0,0
"30",0.300565326633166,0.295845048422368,0.294210692818728,0.294605809128631,0.298965841429019,0.303164556962025,0.298412698412698,0.295547837069782,0.301697045883092,0.30491599253267,0.298212605832549,0.303853442830069,0,0,0,0,0,0,0,0,0,0,0,0,0.998730158730159,1,1,0.998734977862113,1,1,0.998742533794404,1,1,1,0.99872975547793,0,0,0,0,0,0,0,0,0,0,0,0,0.337790512575613,0.333333333333333,0.348413446434182,0.351368354828562,0.34918648310388,0.345332908569608,0.551907442151345,0.456542502387775,0.440762738355736,0.348655409631019,0.349480968858132,0.349590937696665,0,0,0,0,0,0,0,0,0,0,0,0,0.34225621414914,0.334500318268619,0.343858541206189,0.338962235185754,0.344961240310078,0.341941505911637,0.337146488719415,0.338466373350094,0.33354114713217,0.335245379222435,0.325956370534303,0,0,0,0,0,0,0,0,0,0.365971107544141,0.365746549560853,0.380183602405825,0.389430638565587,0.37945034353529,0.370462302202917,0.370123691722169,0.379495268138801,0.375470514429109,0.370300157977883,0,0,0,0,0,0,0,0,0,0,0,0.476884103863205,0.484280724039378,0.479569211276528,0.470961599492225,0.477286869943995,0.4821875,0.478945676631308,0.482289690069576,0.481052301910429,0.477966101694915,0.483516483516484,0,0,0,0,0,0,0,0,0,0
