"","V1","V2","V3","V4","V5","V6","V7","V8","V9","V10","V11","V12","V13","V14","V15","V16","V17","V18","V19","V20","V21","V22","V23","V24","V25","V26","V27","V28","V29","V30","V31","V32","V33","V34","V35","V36","V37","V38","V39","V40","V41","V42","V43","V44","V45","V46","V47","V48","V49","V50","V51","V52","V53","V54","V55","V56","V57","V58","V59","V60","V61","V62","V63","V64","V65","V66","V67","V68","V69","V70","V71","V72","V73","V74","V75","V76","V77","V78","V79","V80","V81","V82","V83","V84","V85","V86","V87","V88","V89","V90","V91","V92","V93","V94","V95","V96","V97","V98","V99","V100","V101","V102","V103","V104","V105","V106","V107","V108","V109","V110","V111","V112","V113","V114","V115","V116","V117","V118","V119","V120","V121","V122","V123","V124","V125","V126","V127","V128","V129","V130","V131","V132","V133"
"1",1,1,1,1,0.997795275590551,1,0.999361837906828,0.997437540038437,0.998417721518987,1,0.998117942283563,0.997455470737914,0,0,0,0,0,0,0,0,0,0,0,0,0.406589891234805,0.408715012722646,0.405962575325087,0.40598154629335,0.404221298369044,0.399183417085427,0.396579030725372,0.400314960629921,0.402091254752852,0.405337519623234,0.405188981422165,0,0,0,0,0,0,0,0,0,0,0,0,0.564873417721519,0.578913738019169,0.571110404072542,0.565217391304348,0.562145110410095,0.570650432553669,0.481832543443918,0.401898734177215,0.396621832968408,0.560292713967547,0.570887275023682,0.564143173899271,0,0,0,0,0,0,0,0,0,0,0,0,0.471337579617834,0.478621569878749,0.468488745980707,0.481226533166458,0.474691758598313,0.481528260183139,0.480984340044743,0.479317966529839,0.484114501415539,0.476372924648787,0.478784040531982,0,0,0,0,0,0,0,0,0,0.392056374119154,0.401706700379267,0.420299077314668,0.41796255157093,0.401446086136435,0.39724741945574,0.396535129932628,0.403164556962025,0.393650793650794,0.391400569079987,0,0,0,0,0,0,0,0,0,0,0,0.567810195575505,0.569587628865979,0.583146427427107,0.566539923954373,0.562696912413359,0.563883617963314,0.569489334195217,0.559478371501272,0.567295597484277,0.557921102066374,0.579367614180773,0,0,0,0,0,0,0,0,0,0
"2",1,1,1,1,0.997218788627936,1,0.999365884590996,0.997172478793591,0.998129092609916,1,0.998134908299658,0.99749373433584,0,0,0,0,0,0,0,0,0,0,0,0,0.413413098236776,0.417634138688422,0.410352354225132,0.413207547169811,0.413564668769716,0.40893470790378,0.402058640049906,0.411345319280843,0.413793103448276,0.410814170292107,0.411170716314295,0,0,0,0,0,0,0,0,0,0,0,0,0.563185951709,0.572459222082811,0.572230889235569,0.559210526315789,0.55893300248139,0.56536769327467,0.482021078735276,0.396965865992415,0.398127925117005,0.559553349875931,0.564987562189055,0.558666247247562,0,0,0,0,0,0,0,0,0,0,0,0,0.470532618972581,0.474984167194427,0.472257250945776,0.477174583590376,0.473076923076923,0.479975354282193,0.477536914860195,0.475998761226386,0.48160741885626,0.47524440239672,0.474406991260924,0,0,0,0,0,0,0,0,0,0.397334179625516,0.403316645807259,0.422159447583176,0.422645040548971,0.403546981953951,0.398629710370601,0.400126023944549,0.404515522107244,0.398310387984981,0.393530150753769,0,0,0,0,0,0,0,0,0,0,0,0.565627950897073,0.569453174104337,0.577686731799559,0.565149136577708,0.559263880224579,0.559290382819795,0.565785281936923,0.555067461562598,0.562949078412996,0.557639102367046,0.57439446366782,0,0,0,0,0,0,0,0,0,0
"3",1,1,1,1,0.99781181619256,1,0.99968253968254,0.998104265402844,0.998738568274992,1,0.998449612403101,0.99840612049729,0,0,0,0,0,0,0,0,0,0,0,0,0.412960609911055,0.416745357255272,0.409461152882206,0.412393834539163,0.413858868404323,0.409364125276811,0.402208201892744,0.407845579078456,0.411616954474097,0.412743251726303,0.412361331220285,0,0,0,0,0,0,0,0,0,0,0,0,0.566287878787879,0.580777742649384,0.572236180904523,0.564985906670842,0.562831306516994,0.57129217059198,0.488039763901833,0.403625954198473,0.401680149346609,0.562223626026532,0.568010075566751,0.563411540900444,0,0,0,0,0,0,0,0,0,0,0,0,0.476703645007924,0.488045903729678,0.482034976152623,0.491609695463021,0.482307937519924,0.487949921752739,0.484666455896301,0.486764247897851,0.490720352312048,0.479708306911858,0.4825,0,0,0,0,0,0,0,0,0,0.400063856960409,0.411414236437755,0.428842504743833,0.42884012539185,0.410826032540676,0.402190923317684,0.408306709265176,0.409505823103557,0.402638190954774,0.39602398232881,0,0,0,0,0,0,0,0,0,0,0,0.574266792809839,0.576314122862571,0.589443742098609,0.574238578680203,0.568810189499845,0.573543307086614,0.575611325611326,0.566466687717082,0.573433115060805,0.567424478355652,0.583121827411167,0,0,0,0,0,0,0,0,0,0
"4",1,1,1,1,0.99714648065948,1,0.999359795134443,0.997142857142857,0.998085513720485,1,0.998109045067759,0.997446536865624,0,0,0,0,0,0,0,0,0,0,0,0,0.409496494582537,0.411086190323614,0.405567858272699,0.413085311096857,0.411238825031928,0.408234918608363,0.402284263959391,0.406672961913755,0.410793650793651,0.408201892744479,0.409120102761721,0,0,0,0,0,0,0,0,0,0,0,0,0.56591126715608,0.578913738019169,0.574643423137876,0.566549632939674,0.562953613127169,0.569230769230769,0.492429022082019,0.406747294716741,0.405516804058339,0.565918431868479,0.570342205323194,0.561708860759494,0,0,0,0,0,0,0,0,0,0,0,0,0.474154435226548,0.481290322580645,0.471212608555806,0.483719474013776,0.476575121163166,0.484064373619438,0.481101857783472,0.478683385579937,0.487959442332066,0.47395498392283,0.481984829329962,0,0,0,0,0,0,0,0,0,0.395947249919588,0.4030131826742,0.42262472195742,0.422383812835915,0.40613266583229,0.399874647445942,0.397054114633365,0.400127632418634,0.397026257513445,0.392857142857143,0,0,0,0,0,0,0,0,0,0,0,0.577362079898541,0.57620578778135,0.58464,0.576565008025682,0.569767441860465,0.570569620253165,0.577272727272727,0.565710683895367,0.575376884422111,0.567449139280125,0.583093179634966,0,0,0,0,0,0,0,0,0,0
"5",0.997795275590551,0.997218788627936,0.99781181619256,0.99714648065948,1,0.997485067588809,0.998107852412488,1,1,0.998457266275841,0.998754669987547,1,0,0,0,0,0,0,0,0,0,0,0,0,0.412079270210758,0.412041392285983,0.408977556109726,0.40963476070529,0.410328638497653,0.408649326230022,0.402385436283741,0.406365883807169,0.410714285714286,0.408793264733396,0.40989847715736,0,0,0,0,0,0,0,0,0,0,0,0,0.562323390894819,0.576537013801757,0.572366364488903,0.563613629259143,0.560884459669885,0.563411540900444,0.487895716945996,0.408265497808391,0.403983815748522,0.556973848069738,0.565694575101913,0.558527375707992,0,0,0,0,0,0,0,0,0,0,0,0,0.473833543505675,0.478523703468024,0.469887076537014,0.480099502487562,0.472860791826309,0.478584729981378,0.476010101010101,0.476913541989464,0.48508390304537,0.46993670886076,0.476175548589342,0,0,0,0,0,0,0,0,0,0.396376350921805,0.405707196029777,0.422992125984252,0.42238946378175,0.403661185231151,0.400936037441498,0.402396720277515,0.403870162297129,0.398881640260951,0.396805512057626,0,0,0,0,0,0,0,0,0,0,0,0.574874686716792,0.578317050110306,0.585836231425861,0.574120603015075,0.570628500311139,0.5715625,0.573295092415551,0.567804572502349,0.571695760598504,0.567067530064755,0.583201267828843,0,0,0,0,0,0,0,0,0,0
"6",1,1,1,1,0.997485067588809,1,0.999679384418083,0.997451417648933,0.998094633216894,1,0.998411689961881,0.997766432673899,0,0,0,0,0,0,0,0,0,0,0,0,0.411178927079987,0.414267434420985,0.403149606299213,0.411821086261981,0.41098971722365,0.406012658227848,0.406089743589744,0.406801007556675,0.412496015301243,0.408267090620032,0.405727155727156,0,0,0,0,0,0,0,0,0,0,0,0,0.55904,0.56928,0.566115702479339,0.556541019955654,0.551026856240126,0.565426555484285,0.470606826801517,0.396453451551615,0.396291640477687,0.554744525547445,0.562004440215668,0.558362647905341,0,0,0,0,0,0,0,0,0,0,0,0,0.466815571155073,0.473582474226804,0.461389961389961,0.468740182218033,0.463216145833333,0.476011288805268,0.468261562998405,0.471987480438185,0.471560216078805,0.464433811802233,0.46882951653944,0,0,0,0,0,0,0,0,0,0.388261851015801,0.400126622348845,0.419077901430843,0.416666666666667,0.399243140964995,0.39509279647688,0.396135265700483,0.399618199172765,0.388257575757576,0.390275111964171,0,0,0,0,0,0,0,0,0,0,0,0.565148136349156,0.563339731285988,0.57487146529563,0.560913705583756,0.556645569620253,0.557838179519595,0.55814706835115,0.554709800190295,0.559911476446412,0.553554796647004,0.570382165605096,0,0,0,0,0,0,0,0,0,0
"7",0.999361837906828,0.999365884590996,0.99968253968254,0.999359795134443,0.998107852412488,0.999679384418083,1,0.9983979493752,0.999043672298374,0.999684642068748,0.999368886083938,0.998724489795918,0,0,0,0,0,0,0,0,0,0,0,0,0.411915438821268,0.418901660280971,0.410174880763116,0.413672496025437,0.412289079910856,0.413650793650794,0.40461879152167,0.410945903195191,0.411313518696069,0.413706381640993,0.412294818152559,0,0,0,0,0,0,0,0,0,0,0,0,0.566539923954373,0.578578259483583,0.569889064976228,0.561130517624643,0.562420382165605,0.568772042321257,0.482791285127881,0.403345127050499,0.399685039370079,0.560089257252152,0.56721623335447,0.564968152866242,0,0,0,0,0,0,0,0,0,0,0,0,0.468780019212296,0.471776779987171,0.463642213642214,0.476474278544542,0.464995115597525,0.47358430876305,0.4736,0.472143531633617,0.474779319041614,0.467117988394584,0.469634340222575,0,0,0,0,0,0,0,0,0,0.393110109465551,0.401330376940133,0.42122083732822,0.416560913705584,0.400822524517558,0.401641932428165,0.399616368286445,0.401464501751035,0.393613657919696,0.392663476874003,0,0,0,0,0,0,0,0,0,0,0,0.56425831202046,0.568196303377948,0.577949212471874,0.560897435897436,0.56112161310649,0.562977099236641,0.5625,0.556651814131127,0.562085308056872,0.556973848069738,0.57133676092545,0,0,0,0,0,0,0,0,0,0
"8",0.997437540038437,0.997172478793591,0.998104265402844,0.997142857142857,1,0.997451417648933,0.9983979493752,1,1,0.998441396508728,0.999058675870725,1,0,0,0,0,0,0,0,0,0,0,0,0,0.409711202792764,0.409321496512365,0.402952261306533,0.411392405063291,0.411483253588517,0.407009788443322,0.398033618775769,0.405161691542289,0.409393843224373,0.408477237048666,0.410623409669211,0,0,0,0,0,0,0,0,0,0,0,0,0.557516545855657,0.571246819338422,0.565423514538559,0.555241682360326,0.555207026348808,0.558870709015079,0.48139974779319,0.401698647373388,0.399624177889132,0.557237464522233,0.558777182477151,0.555134281200632,0,0,0,0,0,0,0,0,0,0,0,0,0.463966836734694,0.478594249201278,0.466453674121406,0.479341410375893,0.470778172424927,0.47906830343091,0.476932866687878,0.478670012547051,0.479140328697851,0.468582254499526,0.474560301507538,0,0,0,0,0,0,0,0,0,0.394065092533504,0.405946791862285,0.420557818865559,0.421732283464567,0.402248594628357,0.400747896540978,0.39961759082218,0.401644528779254,0.396399241945673,0.395222929936306,0,0,0,0,0,0,0,0,0,0,0,0.574912891986063,0.574920634920635,0.587316762268961,0.575498575498576,0.568444028687247,0.569225928256765,0.574044330228076,0.567928730512249,0.570216776625825,0.566468564279012,0.58005082592122,0,0,0,0,0,0,0,0,0,0
"9",0.998417721518987,0.998129092609916,0.998738568274992,0.998085513720485,1,0.998094633216894,0.999043672298374,1,1,0.998755832037325,0.9990625,1,0,0,0,0,0,0,0,0,0,0,0,0,0.404814697497624,0.407031992397846,0.40100565681961,0.406565656565657,0.406407035175879,0.396920175989943,0.394428616650839,0.399373040752351,0.40107970784376,0.401384083044983,0.398856779930137,0,0,0,0,0,0,0,0,0,0,0,0,0.560596446700508,0.57274459974587,0.566719492868463,0.558044164037855,0.557602247892601,0.566496163682864,0.48488625740106,0.396770107663078,0.393882056133712,0.556922106590981,0.562637362637363,0.558072750478622,0,0,0,0,0,0,0,0,0,0,0,0,0.474069360483614,0.475625400898012,0.470382165605096,0.479503105590062,0.47104496926561,0.481701595245543,0.47754061803122,0.473716951788491,0.480605487228004,0.474330708661417,0.471030378953962,0,0,0,0,0,0,0,0,0,0.390625,0.400315457413249,0.420082618366698,0.419729814640276,0.399750545681322,0.395839801303943,0.394551282051282,0.400378310214376,0.3978125,0.392050874403816,0,0,0,0,0,0,0,0,0,0,0,0.569756406200569,0.573650793650794,0.583676051882316,0.570344609547898,0.568566061365059,0.565394242803504,0.570467648942985,0.562977099236641,0.567762128325509,0.560968042196711,0.582724674499841,0,0,0,0,0,0,0,0,0,0
"10",1,1,1,1,0.998457266275841,1,0.999684642068748,0.998441396508728,0.998755832037325,1,0.999071207430341,0.998744507219083,0,0,0,0,0,0,0,0,0,0,0,0,0.406769037919148,0.411764705882353,0.402045877247365,0.40863890615289,0.410826032540676,0.405102675793404,0.403804178359838,0.408921933085502,0.408879230052779,0.407603614833281,0.410167350805178,0,0,0,0,0,0,0,0,0,0,0,0,0.564022485946284,0.574835268277377,0.569526169092598,0.560374414976599,0.559615980179622,0.563561988672121,0.482705373687461,0.397315855181024,0.397968605724838,0.558667911609088,0.561822125813449,0.563125,0,0,0,0,0,0,0,0,0,0,0,0,0.475141598489616,0.482736775419702,0.475275590551181,0.485257985257985,0.475918884664132,0.48500772797527,0.482467125860989,0.480745341614907,0.485572448029786,0.475981161695447,0.480074719800747,0,0,0,0,0,0,0,0,0,0.392249527410208,0.401552795031056,0.420162805259862,0.417029210689869,0.399444787168415,0.392857142857143,0.400252924438824,0.400249765844521,0.392968263845675,0.388520971302428,0,0,0,0,0,0,0,0,0,0,0,0.568045468898011,0.573653067580193,0.585526315789474,0.567039106145251,0.564173591874423,0.566552901023891,0.568124207858048,0.563522012578616,0.564771668219944,0.560885608856089,0.575776592406652,0,0,0,0,0,0,0,0,0,0
"11",0.998117942283563,0.998134908299658,0.998449612403101,0.998109045067759,0.998754669987547,0.998411689961881,0.999368886083938,0.999058675870725,0.9990625,0.999071207430341,1,0.999683042789223,0,0,0,0,0,0,0,0,0,0,0,0,0.407745591939547,0.409748427672956,0.403503284329058,0.406700062617408,0.406309148264984,0.401693320790216,0.396967821782178,0.404791537025513,0.407140620106483,0.40471756672874,0.411894273127753,0,0,0,0,0,0,0,0,0,0,0,0,0.56189282356628,0.575519194461926,0.567701863354037,0.557752667922159,0.558393023980069,0.560682680151707,0.479277033343721,0.400503778337531,0.397523219814241,0.556524447212706,0.559385772485114,0.554471032745592,0,0,0,0,0,0,0,0,0,0,0,0,0.470273670965712,0.476235741444867,0.468700349539244,0.481275147013309,0.470626003210273,0.48297213622291,0.480101073910297,0.476751394916305,0.480037429819089,0.474379126060987,0.47259213378755,0,0,0,0,0,0,0,0,0,0.397887323943662,0.406853582554517,0.425471698113208,0.4229088639201,0.401848998459168,0.402915632754342,0.403103229892337,0.405541561712846,0.399133663366337,0.391883322764743,0,0,0,0,0,0,0,0,0,0,0,0.572945954389253,0.571428571428571,0.583595223130107,0.569413976809777,0.565461346633416,0.568352059925094,0.574984045947671,0.565599497802888,0.567500772320049,0.561436087898483,0.581761006289308,0,0,0,0,0,0,0,0,0,0
"12",0.997455470737914,0.99749373433584,0.99840612049729,0.997446536865624,1,0.997766432673899,0.998724489795918,1,1,0.998744507219083,0.999683042789223,1,0,0,0,0,0,0,0,0,0,0,0,0,0.412897016361886,0.419334186939821,0.410167350805178,0.415895308011491,0.414486279514997,0.410928616550853,0.405301820504631,0.41109709962169,0.411256795650783,0.413531457477079,0.411689145793192,0,0,0,0,0,0,0,0,0,0,0,0,0.561822817080943,0.569235689158938,0.566444655883286,0.557631412286257,0.554755944931164,0.558642972536349,0.486172218730358,0.404784688995215,0.398932831136221,0.552389996834441,0.560519645120406,0.554811982154238,0,0,0,0,0,0,0,0,0,0,0,0,0.467218332272438,0.472382787411689,0.468639433901576,0.47742946708464,0.471526195899772,0.476966468191789,0.474592521572387,0.470569620253165,0.479100696643445,0.470006381620932,0.472055573097569,0,0,0,0,0,0,0,0,0,0.403038138332256,0.411041009463722,0.431216086817747,0.427802406586447,0.410296904611497,0.404015056461731,0.406752411575563,0.409119897959184,0.402469917669411,0.403246339910885,0,0,0,0,0,0,0,0,0,0,0,0.571656559208426,0.573346116970278,0.584808496942388,0.57576726342711,0.567211055276382,0.571518987341772,0.572950290510006,0.564434617814277,0.568238993710692,0.563813107557228,0.580943275971957,0,0,0,0,0,0,0,0,0,0
"13",0,0,0,0,0,0,0,0,0,0,0,0,1,1,0.983688833124216,0.987693278636794,0.226666666666667,0.986456692913386,0.999368686868687,0.999370277078086,0.999685039370079,1,0.88962472406181,1,0,0,0,0,0,0,0,0,0,0,0,0.8078125,0.784416384354789,0.715360501567398,0.172241325414192,0.161638615433471,0.168685927306617,0.248983421958086,0.223225404732254,0.225613593455003,0.264504054897068,0.172348484848485,0.166718995290424,0,0,0,0,0,0,0,0,0,0,0,0,0.788881948782011,0.296776232616941,0.221633416458853,0.387393094710168,0.219602977667494,0.22581668252458,0.800437226733292,0.520879120879121,0.845625,0.843365899779389,0.640610401744005,0.22141959798995,0,0,0,0,0,0,0,0,0,0,0,0.202339551059121,0.21687898089172,0.214782059380922,0.221729490022173,0.219573400250941,0.216164817749604,0.225613593455003,0.22368009996876,0.698358624961288,0,0,0,0,0,0,0,0,0,0,0.223861852433281,0.222327640733713,0.221667187012176,0.226242920075519,0.226201696512724,0.218955270566156,0.237507906388362,0.46418428526349,0.233030966531123,0.247403210576015,0.489327811404906,0,0,0,0,0,0,0,0,0,0,0,0.227258320126783,0.219375,0.231248054777467,0.224534847051403,0.223276407337128,0.168728195369489,0.168372093023256,0.173517414496392,0.1652739090065,0.223334375977479
"14",0,0,0,0,0,0,0,0,0,0,0,0,1,1,0.985122897800776,0.988068365043534,0.229603353756853,0.985427461139896,0.999025024374391,0.999032882011605,0.999676060900551,1,0.89216944801027,1,0,0,0,0,0,0,0,0,0,0,0,0.81344,0.791078305519897,0.719303899452143,0.173286354900705,0.166015625,0.171455938697318,0.245228081527014,0.22784,0.226757369614512,0.255415454251536,0.176680740500162,0.169902912621359,0,0,0,0,0,0,0,0,0,0,0,0,0.799294645719782,0.296981499513145,0.223582474226804,0.383495145631068,0.221623335447051,0.226770630279402,0.804305912596401,0.518173045995497,0.849645846748229,0.84809721778062,0.639935587761675,0.225201938610662,0,0,0,0,0,0,0,0,0,0,0,0.201615508885299,0.219240837696335,0.219915666558547,0.222294022617124,0.222115075538412,0.220097244732577,0.228120978120978,0.226445225167678,0.701877187400573,0,0,0,0,0,0,0,0,0,0,0.226751592356688,0.226501305483029,0.221150755384121,0.229099157485418,0.227361563517915,0.221574344023324,0.233311730395334,0.461138211382114,0.234631477309302,0.247637666992506,0.487463366981439,0,0,0,0,0,0,0,0,0,0,0,0.225911458333333,0.219606578523057,0.232528589580686,0.228903976721629,0.223598435462842,0.166503428011753,0.166452442159383,0.171980676328502,0.168586052463212,0.226920593931569
"15",0,0,0,0,0,0,0,0,0,0,0,0,0.983688833124216,0.985122897800776,1,0.968397997496871,0.244149272612271,0.966487511855833,0.98361688720857,0.985321673953779,0.987353778058805,0.984251968503937,0.921102066374452,0.982649842271293,0,0,0,0,0,0,0,0,0,0,0,0.800125904941769,0.791770573566085,0.734758013827781,0.178214731585518,0.170956466476009,0.174294670846395,0.245283018867925,0.225413674679988,0.230600750938673,0.271811023622047,0.176881549698317,0.17593177511055,0,0,0,0,0,0,0,0,0,0,0,0,0.799811439346323,0.32010081915564,0.241803278688525,0.400629921259843,0.232973805855162,0.239185750636132,0.776381909547739,0.537153652392947,0.823437009110902,0.821148415437716,0.636164211845816,0.22819216182048,0,0,0,0,0,0,0,0,0,0,0,0.210659898477157,0.220687439768712,0.225632911392405,0.22753164556962,0.226190476190476,0.225428027901078,0.238244514106583,0.247663551401869,0.727696611750078,0,0,0,0,0,0,0,0,0,0,0.226361928616155,0.227359088030399,0.225180081428124,0.229166666666667,0.22818152967312,0.220779220779221,0.239281210592686,0.450837812203604,0.230842005676443,0.248345414434289,0.479543292102759,0,0,0,0,0,0,0,0,0,0,0,0.226391096979332,0.220322886989554,0.23588143525741,0.22544080604534,0.22493654822335,0.173690932311622,0.170358814352574,0.17843631778058,0.17534504391468,0.227358490566038
"16",0,0,0,0,0,0,0,0,0,0,0,0,0.987693278636794,0.988068365043534,0.968397997496871,1,0.232492113564669,0.99968394437421,0.986971719097553,0.987689393939394,0.989247311827957,0.988958990536278,0.864704040087692,0.988008835594825,0,0,0,0,0,0,0,0,0,0,0,0.80125786163522,0.771042713567839,0.694743508549715,0.173694147262429,0.166613773405268,0.174130911368619,0.270859671302149,0.231446540880503,0.233615553465036,0.273929471032746,0.17583807716635,0.171944268524383,0,0,0,0,0,0,0,0,0,0,0,0,0.779179810725552,0.293114339861023,0.225561531161025,0.413890634820867,0.223815461346633,0.233692210259658,0.808731155778894,0.532932235592147,0.859704309531299,0.856782334384858,0.658590308370044,0.231496062992126,0,0,0,0,0,0,0,0,0,0,0,0.206293706293706,0.225806451612903,0.222010783380907,0.230597253273714,0.226302573760201,0.221869040050858,0.229721166032953,0.227741330834114,0.679838207840697,0,0,0,0,0,0,0,0,0,0,0.227244193345888,0.229445506692161,0.227629513343799,0.234404536862004,0.232558139534884,0.222222222222222,0.261238604212512,0.498574596135572,0.238805970149254,0.271137952956135,0.520343293070566,0,0,0,0,0,0,0,0,0,0,0,0.234524569240587,0.225530566993982,0.237617554858934,0.231204781377792,0.229206349206349,0.169594378792718,0.16650987770461,0.175658720200753,0.172639451542537,0.22764483627204
"17",0,0,0,0,0,0,0,0,0,0,0,0,0.226666666666667,0.229603353756853,0.244149272612271,0.232492113564669,1,0.227920227920228,0.237870195337114,0.238604212511789,0.234862970044614,0.229827315541601,0.295633050581213,0.22661188369153,0,0,0,0,0,0,0,0,0,0,0,0.223622047244094,0.231151101458269,0.296727501573317,0.562539086929331,0.553826611622737,0.562967581047382,0.791574279379157,0.880922693266833,0.922236102435978,0.389618511569731,0.564485387547649,0.916666666666667,0,0,0,0,0,0,0,0,0,0,0,0,0.246449984222152,0.732826843937955,0.918258690886314,0.55883285759594,0.896958410924891,0.810110584518167,0.227675744141862,0.463969658659924,0.22818152967312,0.226272784412319,0.33753545540498,0.916798481493198,0,0,0,0,0,0,0,0,0,0,0,0.956756756756757,0.923717948717949,0.959771935381691,0.887900920927278,0.972335743476894,0.969823434991974,0.979094076655052,0.948162111215834,0.33260666459047,0,0,0,0,0,0,0,0,0,0,0.934579439252336,0.909935897435897,0.907313997477932,0.915115178289681,0.920519316022799,0.91900409706902,0.71969696969697,0.482233502538071,0.913771320277953,0.804202483285578,0.4857324032974,0,0,0,0,0,0,0,0,0,0,0,0.91372674791533,0.909663204280768,0.952692187986306,0.914005690799873,0.924450111571565,0.571610034931724,0.594298245614035,0.561060271378984,0.56271397447868,0.968660968660969
"18",0,0,0,0,0,0,0,0,0,0,0,0,0.986456692913386,0.985427461139896,0.966487511855833,0.99968394437421,0.227920227920228,1,0.984747378455672,0.98631444939529,0.987037622510275,0.987607244995234,0.862058080808081,0.986102337334176,0,0,0,0,0,0,0,0,0,0,0,0.803934010152284,0.776077451592755,0.700411262258779,0.174337957124842,0.167091024824952,0.172889865076875,0.264520202020202,0.229369312833386,0.230156200191266,0.274239096328836,0.173719376391982,0.172698412698413,0,0,0,0,0,0,0,0,0,0,0,0,0.784425451092118,0.265714285714286,0.221478648820905,0.40414673046252,0.221599751011516,0.227634511302133,0.815350739226172,0.519451530612245,0.86459981018665,0.867591424968474,0.65434439178515,0.225102750553272,0,0,0,0,0,0,0,0,0,0,0,0.203129990418397,0.221261607428754,0.219379597057883,0.223291626564004,0.221303656597774,0.220115681233933,0.229107086113759,0.228070175438596,0.682539682539683,0,0,0,0,0,0,0,0,0,0,0.225360954174513,0.225889138096764,0.225694444444444,0.229917773561037,0.227504786215699,0.218938671750874,0.252855329949239,0.50112,0.235554152194506,0.262690355329949,0.523733162283515,0,0,0,0,0,0,0,0,0,0,0,0.226718047527296,0.221904761904762,0.234022556390977,0.22331327209376,0.224340641881157,0.170964660936008,0.169433134982775,0.176750079189104,0.170839936608558,0.224192526915769
"19",0,0,0,0,0,0,0,0,0,0,0,0,0.999368686868687,0.999025024374391,0.98361688720857,0.986971719097553,0.237870195337114,0.984747378455672,1,1,1,0.99874213836478,0.892147587511826,0.998734577665296,0,0,0,0,0,0,0,0,0,0,0,0.811887448624723,0.789081885856079,0.719886184002529,0.178963893249608,0.172643605204697,0.180538172715895,0.263058527375708,0.23501872659176,0.233896185115697,0.283427495291902,0.176582278481013,0.173720783322805,0,0,0,0,0,0,0,0,0,0,0,0,0.793341708542714,0.31021317212854,0.228274559193955,0.415297092288243,0.225967540574282,0.236759142496847,0.8055729492799,0.54709800190295,0.848760589896454,0.848731600375822,0.663322884012539,0.230406043437205,0,0,0,0,0,0,0,0,0,0,0,0.214012738853503,0.226777706598334,0.227157360406091,0.234583598219962,0.227229450967947,0.228462029355456,0.236369366530098,0.232288401253919,0.70602936582318,0,0,0,0,0,0,0,0,0,0,0.231779793556459,0.231357552581262,0.231879510511453,0.233375156838143,0.23284625158831,0.225228059138094,0.25094696969697,0.483554712207464,0.241150442477876,0.261986837981824,0.507310870947235,0,0,0,0,0,0,0,0,0,0,0,0.231730769230769,0.229245283018868,0.239244815846487,0.231499051233397,0.23162583518931,0.173857868020305,0.172735760971055,0.180363864491844,0.174185463659148,0.234603174603175
"20",0,0,0,0,0,0,0,0,0,0,0,0,0.999370277078086,0.999032882011605,0.985321673953779,0.987689393939394,0.238604212511789,0.98631444939529,1,1,1,0.998741742686379,0.89401066164942,0.998743323908263,0,0,0,0,0,0,0,0,0,0,0,0.810768261964736,0.78560347502327,0.718495297805643,0.178314008147916,0.169668246445498,0.1756082345602,0.257043368154479,0.227725856697819,0.236225459151362,0.276575729068674,0.177770760972529,0.174763406940063,0,0,0,0,0,0,0,0,0,0,0,0,0.791208791208791,0.304389312977099,0.228741763413869,0.400946372239748,0.229309271935283,0.239392020265991,0.799560163367892,0.536286522148916,0.842866121935889,0.844800502670437,0.653955247399937,0.232148474363007,0,0,0,0,0,0,0,0,0,0,0,0.210409393843224,0.226433121019108,0.227678571428571,0.231184503016831,0.227716535433071,0.225796178343949,0.23266078184111,0.231920199501247,0.702240199128811,0,0,0,0,0,0,0,0,0,0,0.229827315541601,0.229837424290724,0.230865746549561,0.231618807194699,0.233630006357279,0.225542623466499,0.249449512425291,0.474817865061767,0.238768457430097,0.258156477668673,0.499684343434343,0,0,0,0,0,0,0,0,0,0,0,0.228607918263091,0.222536984576645,0.23875,0.230331753554502,0.23062381852552,0.174522292993631,0.173478939157566,0.178963893249608,0.175086288045184,0.232734153263955
"21",0,0,0,0,0,0,0,0,0,0,0,0,0.999685039370079,0.999676060900551,0.987353778058805,0.989247311827957,0.234862970044614,0.987037622510275,1,1,1,0.999685830977066,0.89265357821406,0.999684144030322,0,0,0,0,0,0,0,0,0,0,0,0.807643312101911,0.783623910336239,0.7177063642092,0.178481012658228,0.170124481327801,0.174608150470219,0.251106894370651,0.228329145728643,0.230769230769231,0.275764260951781,0.176130895091434,0.171691526499524,0,0,0,0,0,0,0,0,0,0,0,0,0.790843524615867,0.294191919191919,0.223521972810623,0.399746995572422,0.223875968992248,0.233206590621039,0.799245994344958,0.533796588755527,0.842668344870988,0.848648648648649,0.652364547447541,0.231111111111111,0,0,0,0,0,0,0,0,0,0,0,0.208557844690967,0.222612583839029,0.223994894703255,0.232342601470118,0.226914591868894,0.223823246878002,0.22979797979798,0.228949858088931,0.697754210854648,0,0,0,0,0,0,0,0,0,0,0.227001569858713,0.230108211330363,0.229205753595997,0.235071090047393,0.23130766783328,0.225245175577349,0.241617047947352,0.474673462886269,0.239860583016477,0.253068932955618,0.5,0,0,0,0,0,0,0,0,0,0,0,0.230225080385852,0.223984771573604,0.236306729264476,0.228264306038571,0.228436018957346,0.173566878980892,0.171830985915493,0.179633143580013,0.175062972292191,0.227707006369427
"22",0,0,0,0,0,0,0,0,0,0,0,0,1,1,0.984251968503937,0.988958990536278,0.229827315541601,0.987607244995234,0.99874213836478,0.998741742686379,0.999685830977066,1,0.891815616180621,1,0,0,0,0,0,0,0,0,0,0,0,0.81516290726817,0.787008119925047,0.715596330275229,0.176804286164513,0.166772352568167,0.173967459324155,0.247625079164028,0.221735045411838,0.227546810536338,0.274032459425718,0.173926868044515,0.17353033637221,0,0,0,0,0,0,0,0,0,0,0,0,0.792929292929293,0.282965299684543,0.2187009727016,0.382399493510605,0.22077519379845,0.229643765903308,0.803835271927067,0.5086887835703,0.849827207037386,0.851010101010101,0.639256458727158,0.224850204982655,0,0,0,0,0,0,0,0,0,0,0,0.203815580286169,0.217196021815849,0.218601708320152,0.223663397658969,0.222608146510894,0.221371610845295,0.227001569858713,0.225695529853079,0.696004993757803,0,0,0,0,0,0,0,0,0,0,0.224779319041614,0.222822631913541,0.2228125,0.228319142226427,0.22530766803408,0.218387197991842,0.237658227848101,0.459228824273072,0.233982412060302,0.248106060606061,0.488171355498721,0,0,0,0,0,0,0,0,0,0,0,0.226679401464502,0.220996216897856,0.23294923699782,0.22574508560558,0.22533418204965,0.169907554988843,0.167449139280125,0.176010021922956,0.172016204425055,0.223767383059418
"23",0,0,0,0,0,0,0,0,0,0,0,0,0.88962472406181,0.89216944801027,0.921102066374452,0.864704040087692,0.295633050581213,0.862058080808081,0.892147587511826,0.89401066164942,0.89265357821406,0.891815616180621,1,0.88685208596713,0,0,0,0,0,0,0,0,0,0,0,0.800876643706951,0.815066378511886,0.818804483188045,0.182876927919421,0.175615919140872,0.184601113172542,0.24012539184953,0.235678704856787,0.239685039370079,0.290920515237198,0.183512318382817,0.22634391700723,0,0,0,0,0,0,0,0,0,0,0,0,0.812715314751018,0.429915333960489,0.335419274092616,0.437265917602996,0.306286776091669,0.295066413662239,0.768079800498753,0.594721960414703,0.755890669180019,0.755763239875389,0.661064425770308,0.234521575984991,0,0,0,0,0,0,0,0,0,0,0,0.258462511863334,0.235143769968051,0.268637936458006,0.236992385786802,0.276336355110972,0.280406478247063,0.295796737766625,0.339241293532338,0.840409048651999,0,0,0,0,0,0,0,0,0,0,0.245389184120038,0.235573874445149,0.236284289276808,0.238363011558888,0.238647040400877,0.228329145728643,0.234424166142228,0.436083123425693,0.243549402139711,0.240967640590638,0.471828769279194,0,0,0,0,0,0,0,0,0,0,0,0.235499207606973,0.225188442211055,0.27058092575334,0.234716503009186,0.233807266982622,0.176564495530013,0.178715482469749,0.178996865203762,0.178304239401496,0.272324255858138
"24",0,0,0,0,0,0,0,0,0,0,0,0,1,1,0.982649842271293,0.988008835594825,0.22661188369153,0.986102337334176,0.998734577665296,0.998743323908263,0.999684144030322,1,0.88685208596713,1,0,0,0,0,0,0,0,0,0,0,0,0.810734463276836,0.781396805512058,0.714062010648293,0.171392564587272,0.163167938931298,0.17,0.24384858044164,0.222882150672085,0.224541429475016,0.264216148287779,0.171710735903154,0.168929586359331,0,0,0,0,0,0,0,0,0,0,0,0,0.787374371859296,0.279847182425979,0.21571696931747,0.383180524818211,0.214219186588016,0.223847376788553,0.796401515151515,0.510921177587844,0.845208070617907,0.845155161494617,0.636591478696742,0.222537878787879,0,0,0,0,0,0,0,0,0,0,0,0.199302915082383,0.214033963473246,0.215238095238095,0.219334389857369,0.217144658052316,0.216948072634597,0.224045440201956,0.221668742216687,0.692955112219451,0,0,0,0,0,0,0,0,0,0,0.219122257053292,0.222010178117048,0.218130311614731,0.225960012694383,0.222505578578259,0.216814159292035,0.232769423558897,0.461636017755231,0.229166666666667,0.242978857683812,0.482945489321007,0,0,0,0,0,0,0,0,0,0,0,0.221059308594989,0.216619092927371,0.228802992518703,0.220301697045883,0.218037974683544,0.164396579030725,0.167449139280125,0.174090338770389,0.167189460476788,0.219621673613338
"25",0.406589891234805,0.413413098236776,0.412960609911055,0.409496494582537,0.412079270210758,0.411178927079987,0.411915438821268,0.409711202792764,0.404814697497624,0.406769037919148,0.407745591939547,0.412897016361886,0,0,0,0,0,0,0,0,0,0,0,0,1,0.999047619047619,0.999366487171365,1,0.99968152866242,0.999365079365079,1,0.999056603773585,0.999043977055449,0.999370078740157,0.997758565481908,0,0,0,0,0,0,0,0,0,0,0,0,0.46567069294342,0.454225352112676,0.473231357552581,0.465948685460881,0.458897637795276,0.469926021228691,0.654562677612883,0.567791215786123,0.566067486597288,0.462804685026907,0.473867595818815,0.471607314725698,0,0,0,0,0,0,0,0,0,0,0,0,0.445084854306756,0.45048231511254,0.441645408163265,0.437324163801188,0.441890579475558,0.44647931796653,0.435241445474896,0.442514213518636,0.440239672027751,0.438040345821326,0.437877343501748,0,0,0,0,0,0,0,0,0,0.467250324254215,0.466940841505853,0.482725527831094,0.491902191171801,0.478123018389347,0.46765541180183,0.467075532601679,0.467304625199362,0.46780303030303,0.483232194187161,0,0,0,0,0,0,0,0,0,0,0,0.56993006993007,0.570469798657718,0.571062740076825,0.567628205128205,0.568769716088328,0.566719492868463,0.560920285158782,0.561526232114467,0.565107458912769,0.565190268247037,0.571610439210694,0,0,0,0,0,0,0,0,0,0
"26",0.408715012722646,0.417634138688422,0.416745357255272,0.411086190323614,0.412041392285983,0.414267434420985,0.418901660280971,0.409321496512365,0.407031992397846,0.411764705882353,0.409748427672956,0.419334186939821,0,0,0,0,0,0,0,0,0,0,0,0,0.999047619047619,1,1,0.99905303030303,1,1,0.99936768890294,1,1,0.999685435671595,0.998724896397832,0,0,0,0,0,0,0,0,0,0,0,0,0.472968700600696,0.460833859759949,0.482594936708861,0.468848332284456,0.468505170792855,0.475609756097561,0.661214218307644,0.570835992342055,0.576107298814722,0.463888005090678,0.478736710444027,0.47661188369153,0,0,0,0,0,0,0,0,0,0,0,0,0.438814531548757,0.449438202247191,0.437699680511182,0.437734668335419,0.442475024170158,0.446815186695952,0.435994930291508,0.441904165361729,0.440075495438817,0.439180537772087,0.439170072304307,0,0,0,0,0,0,0,0,0,0.466538584694204,0.463891516871649,0.479656706929434,0.491963441537977,0.476160602258469,0.464678178963893,0.465836526181354,0.464954012052014,0.469201759899434,0.478621569878749,0,0,0,0,0,0,0,0,0,0,0,0.57626582278481,0.572019077901431,0.574896199297349,0.57251666137734,0.572998430141287,0.572234409276089,0.564350064350064,0.566371681415929,0.572413793103448,0.572177668106107,0.57515923566879,0,0,0,0,0,0,0,0,0,0
"27",0.405962575325087,0.410352354225132,0.409461152882206,0.405567858272699,0.408977556109726,0.403149606299213,0.410174880763116,0.402952261306533,0.40100565681961,0.402045877247365,0.403503284329058,0.410167350805178,0,0,0,0,0,0,0,0,0,0,0,0,0.999366487171365,1,1,0.999056307014785,1,0.99968671679198,0.99937106918239,0.999690114657577,0.999683343888537,1,0.998727330575883,0,0,0,0,0,0,0,0,0,0,0,0,0.477229601518027,0.462314727215389,0.485142320925868,0.478125,0.470093457943925,0.47921294827039,0.656767739918725,0.577952755905512,0.576080150281778,0.469548753550016,0.481028535591094,0.482530689329556,0,0,0,0,0,0,0,0,0,0,0,0,0.435372005044136,0.441195372750643,0.430744849445325,0.437131325675256,0.436345966958212,0.432145090681676,0.428435417327832,0.437617554858934,0.438788257339163,0.436788874841972,0.430663758180118,0,0,0,0,0,0,0,0,0,0.463930747034306,0.459518599562363,0.479885967690846,0.484429065743945,0.472248062015504,0.46347528753497,0.461953075459734,0.464027646874018,0.46641674476726,0.471074380165289,0,0,0,0,0,0,0,0,0,0,0,0.568417741428122,0.561514195583596,0.56984126984127,0.566519546027743,0.563568542119988,0.564797507788162,0.556840077071291,0.560644346178143,0.565353345841151,0.56510980513455,0.567362428842505,0,0,0,0,0,0,0,0,0,0
"28",0.40598154629335,0.413207547169811,0.412393834539163,0.413085311096857,0.40963476070529,0.411821086261981,0.413672496025437,0.411392405063291,0.406565656565657,0.40863890615289,0.406700062617408,0.415895308011491,0,0,0,0,0,0,0,0,0,0,0,0,1,0.99905303030303,0.999056307014785,1,0.999682136045772,0.999367488931056,1,0.999063962558502,0.999047619047619,0.999368686868687,0.997458703939009,0,0,0,0,0,0,0,0,0,0,0,0,0.466624685138539,0.453164556962025,0.476055450535602,0.463174603174603,0.462606500473335,0.466198979591837,0.656909033679572,0.566402535657686,0.566427008440137,0.456224132441897,0.466624685138539,0.472116603295311,0,0,0,0,0,0,0,0,0,0,0,0,0.442852594715059,0.451176281018369,0.440942375039796,0.441542288557214,0.446129032258064,0.441911997467553,0.433002878157979,0.443109987357775,0.442211055276382,0.441830896376351,0.440393151553583,0,0,0,0,0,0,0,0,0,0.475777991658646,0.468564279011573,0.491428571428571,0.494819466248038,0.483338523824354,0.473256177666562,0.470644239923834,0.469490989566867,0.472030169704588,0.482769522605122,0,0,0,0,0,0,0,0,0,0,0,0.578025477707006,0.571974522292994,0.578294080203692,0.569020356234097,0.566961465571699,0.572243346007605,0.562197092084006,0.56710775047259,0.57124842370744,0.570538772967923,0.575351213282248,0,0,0,0,0,0,0,0,0,0
"29",0.404221298369044,0.413564668769716,0.413858868404323,0.411238825031928,0.410328638497653,0.41098971722365,0.412289079910856,0.411483253588517,0.406407035175879,0.410826032540676,0.406309148264984,0.414486279514997,0,0,0,0,0,0,0,0,0,0,0,0,0.99968152866242,1,1,0.999682136045772,1,1,0.999683744465528,1,1,0.999684443041969,0.999036608863198,0,0,0,0,0,0,0,0,0,0,0,0,0.465665921430853,0.460709759188847,0.476145339652449,0.469426751592357,0.460427135678392,0.471364221364221,0.663201008191556,0.571065989847716,0.572638845309068,0.461855017410573,0.473984771573604,0.474001268230818,0,0,0,0,0,0,0,0,0,0,0,0,0.4384,0.444658325312801,0.438277511961722,0.439351418771437,0.440710823909531,0.443399184697397,0.433440514469453,0.439446366782007,0.43748031496063,0.438523274478331,0.438420557818866,0,0,0,0,0,0,0,0,0,0.470986460348162,0.464793179665298,0.483064260842039,0.492108585858586,0.480188679245283,0.468298807281858,0.469361565607956,0.469147582697201,0.471087366436204,0.478662420382166,0,0,0,0,0,0,0,0,0,0,0,0.580931263858093,0.576152623211447,0.579858883899936,0.578564653809674,0.578782172002511,0.577189666036547,0.570603337612324,0.572431397574984,0.578830963665087,0.575492341356674,0.580439630455559,0,0,0,0,0,0,0,0,0,0
"30",0.399183417085427,0.40893470790378,0.409364125276811,0.408234918608363,0.408649326230022,0.406012658227848,0.413650793650794,0.407009788443322,0.396920175989943,0.405102675793404,0.401693320790216,0.410928616550853,0,0,0,0,0,0,0,0,0,0,0,0,0.999365079365079,1,0.99968671679198,0.999367488931056,1,1,0.999685633448601,1,1,1,0.998094633216894,0,0,0,0,0,0,0,0,0,0,0,0,0.469277300222859,0.460227272727273,0.47502356267672,0.46524064171123,0.463704630788486,0.473080598916853,0.658536585365854,0.57051894301178,0.571428571428571,0.458098811757348,0.473419314249764,0.475141598489616,0,0,0,0,0,0,0,0,0,0,0,0,0.440726577437859,0.450031826861871,0.442058730659931,0.440896530549585,0.442829457364341,0.443061605476042,0.430568795678424,0.442803268384664,0.442019950124688,0.441045251752709,0.438507745810939,0,0,0,0,0,0,0,0,0,0.465489566613162,0.457340025094103,0.475783475783476,0.48537275872916,0.471267957526546,0.461371393112007,0.460196638122423,0.457413249211356,0.460790464240903,0.472037914691943,0,0,0,0,0,0,0,0,0,0,0,0.572830905636479,0.567799301365513,0.56921127652835,0.565534750872739,0.568761667703796,0.57,0.560591449694632,0.562302340290955,0.568117757594738,0.568258859784283,0.572684458398744,0,0,0,0,0,0,0,0,0,0
"31",0.396579030725372,0.402058640049906,0.402208201892744,0.402284263959391,0.402385436283741,0.406089743589744,0.40461879152167,0.398033618775769,0.394428616650839,0.403804178359838,0.396967821782178,0.405301820504631,0,0,0,0,0,0,0,0,0,0,0,0,1,0.99936768890294,0.99937106918239,1,0.999683744465528,0.999685633448601,1,0.999373825923607,0.99936447410232,0.999685138539043,0.998406628425749,0,0,0,0,0,0,0,0,0,0,0,0,0.460613729832332,0.445672773215414,0.464992150706436,0.457675300063171,0.454516938519448,0.458838544990428,0.65125786163522,0.560866794136393,0.56584297779168,0.449811794228356,0.462168978562421,0.466056204610041,0,0,0,0,0,0,0,0,0,0,0,0,0.431045340050378,0.437540244687701,0.427940712708925,0.428128872366791,0.434502735757966,0.432896379525593,0.42113614725484,0.433708567854909,0.433689503456945,0.427485750474984,0.426470588235294,0,0,0,0,0,0,0,0,0,0.466816287271561,0.465051258154706,0.477315689981096,0.484858044164038,0.476175646216132,0.461227032077235,0.462615335666561,0.465211891208096,0.466708151835719,0.472981563890655,0,0,0,0,0,0,0,0,0,0,0,0.566993981628128,0.563192904656319,0.569519567292396,0.565822784810127,0.560087856918732,0.56484962406015,0.557544757033248,0.56112161310649,0.560876369327074,0.561605476042315,0.567111959287532,0,0,0,0,0,0,0,0,0,0
